<begin task set>
7.23181 41 41
198.982 1081 1081
4181.53 50166 50166
1127.34 4017 4017
49161.4 858118 858118
39.9017 1370 1370
9036.09 648464 648464
8.58456 49 49
<end task set>
<begin task set>
8256.66 54182 54182
1.63112 29 29
2.21547 24 24
1.38405 27 27
1074.63 3484 3484
36.3161 305 305
6758.88 86770 86770
34.1722 240 240
<end task set>
<begin task set>
313.262 50551 50551
3.30654 12 12
114.414 1161 1161
194.377 2536 2536
712.712 5033 5033
121.158 997 997
61311.1 347597 347597
337.874 3263 3263
<end task set>
<begin task set>
613.963 3198 3198
131.456 379 379
8.08386 268 268
935.581 7866 7866
24.6634 1052 1052
12027.8 93677 93677
131.25 240159 240159
14.5305 91 91
<end task set>
<begin task set>
898.587 12731 12731
36310 361792 361792
5535.14 34148 34148
3.94438 14 14
66.3215 917 917
17.7065 171 171
0.00694543 1475 1475
66.5718 318 318
<end task set>
<begin task set>
0.301731 10 10
192.227 446 446
154.7 536 536
17.6475 282 282
5839.98 351285 351285
8110.24 56479 56479
0.418031 26 26
955.473 84364 84364
<end task set>
<begin task set>
1727.44 14606 14606
21.7274 589 589
69301.1 119921 119921
0.0477304 498 498
148.892 871 871
4.22412 110 110
28.4525 8573 8573
6965.29 128529 128529
<end task set>
<begin task set>
44982.4 137682 137682
110.416 11366 11366
3097.67 19206 19206
0.826771 73 73
31399.2 321279 321279
1265.72 6746 6746
1338.01 417336 417336
172172 850664 850664
<end task set>
<begin task set>
287.174 3304 3304
2153.12 39731 39731
370.744 6052 6052
58.8786 396 396
2.24711 19 19
68778.6 527411 527411
1163.49 4360 4360
2266.84 16991 16991
<end task set>
<begin task set>
7486.39 202680 202680
1427.89 10945 10945
28681 78096 78096
101.101 3892 3892
16629.2 80880 80880
347.367 25090 25090
5.26233 26 26
591.628 33754 33754
<end task set>
