<begin task set>
5.73814 179 179
5.06297 132 132
11666.5 112617 112617
0.0649155 23 23
1.95037 33 33
12.4108 92 92
237.986 3563 3563
58482.1 519016 519016
153.453 11148 11148
5755.3 464234 464234
2729.89 72556 72556
26.3362 239 239
1705.36 175536 175536
0.790356 11 11
13.3547 757 757
13848.8 181010 181010
<end task set>
<begin task set>
449.76 206126 206126
211.302 4476 4476
16696.4 78702 78702
8587.69 727565 727565
635.235 30465 30465
31.2325 2389 2389
238.692 2527 2527
38.5652 1465 1465
34.1057 870 870
1469.1 21709 21709
2955.73 110848 110848
65882.8 594890 594890
8297.41 91966 91966
35.7777 504 504
0.410187 15 15
1.17333 30 30
<end task set>
<begin task set>
11.5797 122 122
10599.5 124644 124644
3.45461 93 93
4.46324 114 114
2.17309 168 168
30561.2 742918 742918
3.67332 81 81
1.63435 31 31
1558.59 45008 45008
1.8885 71 71
380.279 50892 50892
762.15 5536 5536
11.1039 57 57
97.0569 7986 7986
27066.9 423667 423667
3.79862 264 264
<end task set>
<begin task set>
53.7033 1032 1032
3.51756 138 138
277.761 8832 8832
2.62223 13 13
3.66691 75 75
97.2088 4227 4227
55.2412 446 446
9.32773 56 56
1.00076 32 32
0.0301945 10 10
8142.06 79491 79491
31.5237 4649 4649
5.30848 179 179
7.14569 4683 4683
947.924 67093 67093
0.381859 10 10
<end task set>
<begin task set>
1710.79 29232 29232
0.299197 72 72
59.8848 1488 1488
39.3929 342 342
0.197479 14 14
487.851 4175 4175
41.3059 498 498
8897.33 298673 298673
3091.76 422786 422786
11.2188 163 163
74.1397 946 946
3.246 54 54
0.367195 13 13
391.129 10443 10443
289.123 3703 3703
2.95266 37 37
<end task set>
<begin task set>
2.74225 54 54
13420 488177 488177
1.91249 84 84
322.582 21193 21193
4271.51 38563 38563
585.116 8194 8194
15.0673 3836 3836
463.871 3579 3579
351.18 2657 2657
114.952 2986 2986
0.237796 12 12
1.44554 14 14
0.594793 13 13
3113.54 401915 401915
57.8912 489 489
0.0480382 20 20
<end task set>
<begin task set>
0.315123 22 22
15094 398551 398551
0.645108 21 21
2990.32 55163 55163
12.5424 76 76
15.7261 432 432
1153.02 64131 64131
0.14366 26 26
6.46194 94 94
529.902 62478 62478
59249.6 731105 731105
1363.92 81339 81339
2.6916 25 25
3.02319 283 283
220.329 1636 1636
152.403 1387 1387
<end task set>
<begin task set>
4.36109 48 48
0.438496 28 28
1082.44 6578 6578
13816.4 172284 172284
2093.8 37850 37850
34.9839 454 454
2.13948 21 21
5.35266 172 172
267.93 11599 11599
2087.72 57733 57733
10.9616 23291 23291
222.943 3755 3755
11.2988 6048 6048
3.02528 437 437
3.09142 43 43
7125.2 85261 85261
<end task set>
<begin task set>
83854.2 346936 346936
23.2295 9573 9573
15.1208 4555 4555
23.1723 1677 1677
205.81 5488 5488
317.996 2474 2474
684.976 23211 23211
245.003 3107 3107
419.154 79679 79679
70709.3 840390 840390
2.816 57 57
48711.7 707832 707832
282.301 6040 6040
9.37408 272 272
652.22 24438 24438
881.336 18052 18052
<end task set>
<begin task set>
8733.71 603157 603157
70863.9 501997 501997
3499.97 484803 484803
1.37043 20 20
2601.02 23043 23043
3733.86 176960 176960
9002.15 111682 111682
18105.5 290030 290030
1.46511 20 20
135322 614977 614977
0.152956 229 229
17.7412 626 626
2.25898 57 57
833.773 57397 57397
0.0346315 55 55
955.826 65869 65869
<end task set>
<begin task set>
638.938 5771 5771
811.859 103021 103021
1.07774 19 19
2165.44 75490 75490
5.5889 52 52
116.25 2117 2117
12.1293 144 144
1272.58 31422 31422
84.8436 11010 11010
5892.97 61121 61121
16233.4 370396 370396
2.01694 39 39
2.49743 21 21
14.7628 196 196
3.69587 1015 1015
57.3957 5069 5069
<end task set>
<begin task set>
2.71724 384 384
2.94637 48 48
2275.8 37804 37804
1166.31 6891 6891
2286.08 27268 27268
97.4848 18441 18441
2026.8 22439 22439
0.252986 23 23
55798.4 945674 945674
44.091 1954 1954
15854.8 889748 889748
82.1827 2148 2148
19.0013 155 155
5677.71 486515 486515
8.6021 106 106
0.644406 11 11
<end task set>
<begin task set>
10.8843 553 553
0.0720058 10 10
4767.06 34736 34736
40062.8 976464 976464
10.8534 141 141
6148.72 104684 104684
1.46291 1528 1528
680.695 7104 7104
4.58531 74 74
9079.07 336631 336631
305.205 7686 7686
1.44096 64 64
22.2023 365 365
445.435 3987 3987
2.98344 42 42
554.71 8203 8203
<end task set>
<begin task set>
1252.07 68610 68610
930.803 14671 14671
46.2082 88026 88026
88.7362 1229 1229
10.6936 109 109
489.263 4642 4642
3.04885 37 37
179.426 3560 3560
559.246 12589 12589
77.5265 1114 1114
34.3471 667 667
15161.7 264953 264953
0.334905 15 15
9.92367 151 151
3.00299 119 119
1352.27 18460 18460
<end task set>
<begin task set>
12426.5 310165 310165
0.559567 16 16
14.6056 234 234
6.69997 310 310
15.1651 250 250
564.536 153965 153965
286.489 10971 10971
52.3641 6667 6667
87.5072 784 784
5.99373 148 148
8344.37 269824 269824
3393.84 15581 15581
61.9281 11943 11943
68.1234 3471 3471
2241.72 20138 20138
5.7051 54 54
<end task set>
<begin task set>
0.202122 118 118
373.855 3491 3491
0.162593 13 13
7.91354 93 93
4.60948 1010 1010
11774.4 683822 683822
4.94802 77 77
794.172 9504 9504
30004.3 762860 762860
36354.1 177870 177870
9.73715 300 300
22048.4 713575 713575
49.3605 575 575
11836.1 483102 483102
42355 444327 444327
1023.08 90927 90927
<end task set>
<begin task set>
446.336 3427 3427
1.21048 40 40
7001.65 80185 80185
3.57949 147 147
364.193 22484 22484
2.73316 17 17
6.5416 1450 1450
13131.8 332661 332661
5.4881 195 195
326.142 4593 4593
322.969 3843 3843
2.30331 562 562
25204.2 163879 163879
120.922 33335 33335
9754.18 335486 335486
341.901 10336 10336
<end task set>
<begin task set>
9.91054 122 122
80.4951 2373 2373
33982.8 256019 256019
69279.5 682135 682135
122.034 7278 7278
50.765 1851 1851
32.738 1729 1729
12263.5 288534 288534
213.982 3623 3623
14.0142 516 516
863.146 7948 7948
64336.7 585696 585696
1.32291 18 18
390.279 10372 10372
296.074 10753 10753
0.485489 305 305
<end task set>
<begin task set>
0.43398 10 10
2608.59 25706 25706
452.795 4476 4476
2479.84 58002 58002
18.8596 1859 1859
186.147 2030 2030
0.173545 13 13
7594.76 976188 976188
1761.8 123611 123611
0.904619 17 17
30.7569 578 578
0.240404 14 14
2.74566 56 56
11185.3 226958 226958
3.13181 24 24
734.717 6043 6043
<end task set>
<begin task set>
0.13117 180 180
1.31074 266 266
177.805 6492 6492
665.474 14008 14008
32.0305 262 262
106.3 2603 2603
5681.57 210972 210972
31.5917 1831 1831
127.96 585 585
2854.77 69456 69456
77.6876 4350 4350
52.5158 496 496
6834.41 137949 137949
1.73745 184 184
31455.7 445095 445095
34.7285 351 351
<end task set>
<begin task set>
68.0691 1434 1434
9.35603 517 517
165.282 1112 1112
46153.3 348094 348094
1.12663 2027 2027
3.62248 1248 1248
60.3886 1351 1351
3783.37 311186 311186
19474.1 156027 156027
0.773133 13 13
13.7229 125 125
10342.9 266482 266482
26.2268 1660 1660
7783.23 74784 74784
28.4532 1486 1486
75.2623 3585 3585
<end task set>
<begin task set>
935.415 68120 68120
7.05376 80 80
6.7068 261 261
84142.8 763045 763045
5.42061 106 106
932.814 28572 28572
7552.12 107866 107866
3.41401 51 51
342.161 38653 38653
82329.5 828526 828526
30.0684 934 934
720.529 6246 6246
41.1308 619 619
0.697498 14 14
40156.2 590233 590233
0.513876 392 392
<end task set>
<begin task set>
43619.1 686078 686078
22820.4 862302 862302
928.034 42871 42871
5.32658 59 59
153.728 3399 3399
0.0925294 19 19
0.776263 10 10
4355.33 129324 129324
0.734267 10 10
30.2788 172 172
34177.1 726638 726638
1823.29 151321 151321
3.59246 372 372
1.47568 224 224
2384.86 29891 29891
4970.83 37644 37644
<end task set>
<begin task set>
4463.85 204014 204014
74.5648 2930 2930
1773.33 12801 12801
5972.23 46589 46589
134.901 7434 7434
49.2679 800 800
22715.7 183495 183495
1273.15 58328 58328
414.623 16605 16605
38.9456 4012 4012
3.12371 57 57
389.104 6600 6600
1381.43 23801 23801
0.392109 37 37
6530.71 52265 52265
22.7117 1223 1223
<end task set>
<begin task set>
211.574 4850 4850
0.48056 11 11
0.174144 16 16
13638.5 83441 83441
0.394728 440 440
860.292 5025 5025
920.779 9922 9922
3430.73 327083 327083
334.054 7494 7494
1.90554 24 24
2380.26 22788 22788
66.8359 14354 14354
26708.7 285734 285734
4.61888 236 236
1.68686 162 162
0.237663 37 37
<end task set>
<begin task set>
0.0269332 24 24
1.16546 13 13
177.266 6057 6057
310.349 3021 3021
7.09397 184 184
13938 256813 256813
21.9706 2861 2861
338.39 5058 5058
12.1853 132 132
25548.3 696800 696800
197.549 13106 13106
2.06471 32 32
976.627 5069 5069
120.447 1902 1902
6.01295 946 946
0.58349 15 15
<end task set>
<begin task set>
0.113437 56 56
26318.3 549407 549407
5683.76 25635 25635
125.201 2326 2326
48.7385 2585 2585
178.372 19297 19297
35603.9 230150 230150
213.793 2145 2145
91.6701 1107 1107
0.544888 10 10
0.164481 43 43
736.283 20913 20913
9.56088 301 301
9052.98 450150 450150
2729.57 97326 97326
0.537123 15 15
<end task set>
<begin task set>
866.181 51808 51808
1821.98 10094 10094
12779.6 452810 452810
10.6665 972 972
2200.84 109329 109329
12010.8 119917 119917
631.189 61545 61545
2.51379 11 11
3.50013 27 27
5.05358 95 95
61.7563 8352 8352
20.0033 1012 1012
96.7882 3079 3079
11968.9 744161 744161
290.427 12787 12787
1.62744 67 67
<end task set>
<begin task set>
1474.26 14179 14179
43696.1 773132 773132
8.60449 772 772
8221.92 276931 276931
250.694 8722 8722
6.98952 8851 8851
4.16548 47 47
1.09341 28 28
0.696113 17 17
13.1045 3193 3193
5992.75 128722 128722
13.8348 92 92
5056.96 257027 257027
4070.97 34450 34450
18484.7 471106 471106
16.156 132 132
<end task set>
<begin task set>
0.362914 20 20
17.8008 371 371
513.749 22971 22971
42.5105 294 294
67.1238 300 300
17.3647 1471 1471
40.2388 6559 6559
942.506 6241 6241
1.135 87 87
2802.54 161215 161215
199.674 80728 80728
3.1447 27 27
80.1234 8944 8944
4.39845 321 321
60.947 3634 3634
11354.1 132943 132943
<end task set>
<begin task set>
20.7493 536 536
1.9801 35 35
0.252964 10 10
22.0503 215 215
151.835 12653 12653
1908.02 57317 57317
0.601049 29 29
2660.52 33881 33881
488.789 12004 12004
110641 628648 628648
85.29 686 686
0.239249 16 16
290.75 12494 12494
34.9975 464 464
2351.45 328174 328174
102.092 1449 1449
<end task set>
<begin task set>
8.08326 44 44
1452.9 39290 39290
91.9302 139140 139140
109.156 109482 109482
30927 183142 183142
27722.6 507299 507299
19.1448 237 237
13429 561990 561990
3427.76 49289 49289
914.192 152701 152701
262.156 7433 7433
11.3461 420 420
1.95425 54 54
1637.64 34976 34976
2.14024 17 17
3.93548 1437 1437
<end task set>
<begin task set>
1929.68 72371 72371
66.0662 5386 5386
35304.2 478168 478168
44451.8 518650 518650
553.753 7983 7983
389.83 2412 2412
97.4301 5010 5010
87.005 1188 1188
4.69961 53 53
4.22691 2473 2473
160674 963948 963948
36.529 970 970
262.131 14986 14986
420.096 120845 120845
0.594868 10 10
0.198423 74 74
<end task set>
<begin task set>
0.0687139 26 26
26.8207 302 302
2422.12 16287 16287
3.76839 636 636
11.3034 574 574
589.546 11242 11242
4.981 129 129
1869.07 16746 16746
31494.2 265791 265791
980.943 18699 18699
30271.5 510511 510511
152.186 2888 2888
5.48487 398 398
9654.71 704300 704300
9.25208 188 188
1042.42 14498 14498
<end task set>
<begin task set>
175.421 2329 2329
2.39598 15 15
3.56588 308 308
42853.5 471415 471415
2.08483 79 79
0.178748 15 15
0.118104 13 13
46430.4 871812 871812
3480.26 48728 48728
0.0640431 35 35
3370.39 140579 140579
3046.96 140881 140881
32172.5 609317 609317
5819.04 74175 74175
185.324 3305 3305
28.9485 186 186
<end task set>
<begin task set>
499.598 8913 8913
6.14174 301 301
58.3927 1622 1622
0.0436108 12 12
12.6385 873 873
15402.8 841438 841438
85030.4 712214 712214
32.861 6749 6749
36.4991 232 232
29641.3 695595 695595
3.72841 30 30
9320.96 114228 114228
4077.23 107979 107979
3303.37 23510 23510
2.40829 66 66
1504.62 239087 239087
<end task set>
<begin task set>
2343.21 36416 36416
5216.99 556327 556327
418.91 596211 596211
0.0165267 14 14
18.4901 193 193
11912.6 230328 230328
881.603 9575 9575
46240.2 371386 371386
1.29204 11 11
14161.5 130379 130379
15060.9 219920 219920
0.302857 28 28
9727.57 327522 327522
186.994 4645 4645
1.95916 29 29
9.48244 545 545
<end task set>
<begin task set>
55892.4 279329 279329
1.25305 77 77
2209.31 15842 15842
8911.2 259699 259699
12574.5 106498 106498
139.662 3431 3431
1484.27 141486 141486
4.12378 117 117
641.469 89455 89455
2915.94 469283 469283
65.7386 6381 6381
113.64 1343 1343
2.01825 134 134
648.036 20375 20375
5.07352 106 106
5.32008 52 52
<end task set>
<begin task set>
6707.68 574040 574040
6249.74 34951 34951
16767.2 888514 888514
1.93802 1617 1617
0.429713 22 22
816.32 12387 12387
4424.25 35404 35404
7153.28 90879 90879
13602.4 817433 817433
3844.03 38847 38847
19.1916 235 235
18.2429 204 204
0.390524 238 238
17.686 354 354
5244.59 111648 111648
26.6702 1771 1771
<end task set>
<begin task set>
0.451207 126 126
0.358232 1054 1054
3.24619 44 44
94.8052 499 499
0.35268 15 15
365.383 27470 27470
60.4634 1307 1307
0.0730432 14 14
8038.71 48562 48562
1.63692 39 39
299.946 3241 3241
3555.11 46160 46160
1.11136 21 21
1602.47 31247 31247
59.5545 1971 1971
0.357796 11 11
<end task set>
<begin task set>
16594 453362 453362
4.9913 77 77
791.04 118284 118284
10401.7 47369 47369
13487.6 116205 116205
5253.91 188743 188743
18000.5 383376 383376
46.6029 999 999
1.22276 10 10
1.53537 11 11
5.81263 4340 4340
9.52039 59466 59466
1082.73 151971 151971
128.861 7235 7235
1169.91 60097 60097
4.37989 162 162
<end task set>
<begin task set>
0.0420561 14 14
24.7035 347 347
13625.1 961903 961903
48.957 309 309
150.494 2728 2728
12.6724 348 348
5.53713 1346 1346
48.251 5825 5825
21.9493 292 292
218.174 52157 52157
46.1097 817 817
2212.53 105850 105850
1005.56 9711 9711
356.211 3240 3240
13.2152 288 288
516.115 3876 3876
<end task set>
<begin task set>
61.4681 950 950
9731.79 219410 219410
388.848 31564 31564
8.72462 110 110
489.586 7279 7279
807.802 9434 9434
17.216 104 104
5370.6 419790 419790
10318 201987 201987
4756.02 371117 371117
65001.8 586077 586077
0.155873 10 10
7.20041 2033 2033
4434.34 112117 112117
208.027 7265 7265
10121.4 95514 95514
<end task set>
<begin task set>
625.351 39250 39250
17.4161 523 523
19.3372 129 129
503.451 6725 6725
1.30273 16 16
22.7033 12290 12290
8.61798 284 284
21.9303 14826 14826
2.21347 25 25
25221.1 363454 363454
301.047 3119 3119
174.108 11626 11626
3.57262 105 105
0.502923 75 75
6181.27 130325 130325
29.5914 193 193
<end task set>
<begin task set>
0.394382 10 10
6971.12 67967 67967
1266.42 313747 313747
6827.26 107156 107156
224.07 3465 3465
106.202 650 650
210.69 2266 2266
1.59302 27 27
1.03973 12 12
503.108 46474 46474
26432.5 797944 797944
95.6518 2867 2867
15.3267 999 999
471.96 4461 4461
19355.9 935008 935008
1399.41 317108 317108
<end task set>
<begin task set>
76.2505 15091 15091
231.419 589299 589299
1.06473 10 10
14183.6 154002 154002
9191.59 601845 601845
2852.45 64403 64403
11.0815 193 193
767.35 497815 497815
3839.9 42698 42698
43.6325 249 249
4.09639 3689 3689
184.631 17873 17873
19516.7 886771 886771
349.539 7387 7387
3.70516 23 23
2622.85 37237 37237
<end task set>
<begin task set>
75.1305 1924 1924
14.6306 267 267
1277.14 121440 121440
7.18708 76 76
0.495048 22 22
36.3961 393 393
566.888 4830 4830
0.0977202 11 11
448.59 21323 21323
425.439 9103 9103
1.8314 12 12
1285.31 9269 9269
0.594356 1080 1080
21.6543 1496 1496
1.44544 98 98
748.635 10563 10563
<end task set>
<begin task set>
636.847 4725 4725
0.254281 11 11
77815.1 767955 767955
751.906 6945 6945
0.542863 13 13
3.4186 414 414
1290.14 6823 6823
15.8371 427 427
7.42549 353 353
22221.5 736858 736858
8.66534 133 133
121.549 2577 2577
1909.53 144482 144482
4664.41 100742 100742
22.8603 1074 1074
0.216009 18 18
<end task set>
<begin task set>
116.506 2335 2335
5.68656 367 367
0.867599 17 17
9.4022 427 427
8345.82 306551 306551
64013.8 474324 474324
1.69739 64 64
3.52418 230 230
704.302 4000 4000
449.458 62877 62877
12.4322 220 220
2.24571 24 24
0.188359 93 93
33.6978 1795 1795
0.244419 17 17
4533.92 23983 23983
<end task set>
<begin task set>
320.609 9516 9516
2873.16 130192 130192
6050.34 71738 71738
566.896 42473 42473
359.683 5273 5273
13925.3 445203 445203
162.062 20864 20864
2600.25 261747 261747
3.05702 226 226
0.882017 24 24
175.889 1778 1778
621.432 12515 12515
391.323 39402 39402
84902.8 878284 878284
1277.32 4748 4748
1.09759 20 20
<end task set>
<begin task set>
166.288 1513 1513
1.44445 21 21
67.8443 2900 2900
181.543 4724 4724
550.614 45974 45974
0.684678 74 74
66.8165 426 426
70.3934 290 290
2.19631 34 34
791.872 21429 21429
4713.12 157454 157454
8.92365 405 405
12.9734 899 899
6.47317 1662 1662
65.9036 2230 2230
14095 378102 378102
<end task set>
<begin task set>
4490.22 571869 571869
1.58799 76 76
29432.4 224646 224646
6.36997 46 46
20651.1 350600 350600
21221.7 456008 456008
622.365 22560 22560
1084.84 496708 496708
15.0579 2338 2338
0.811025 29 29
30482.3 523187 523187
11.7855 298 298
18603.1 317028 317028
46243 881245 881245
113.819 1763 1763
4.28261 27 27
<end task set>
<begin task set>
103576 394837 394837
18.7775 1039 1039
37595.9 440061 440061
1087.64 33931 33931
1986.8 75622 75622
4863.79 33943 33943
5.98089 249 249
578.665 15252 15252
26.7017 1981 1981
6930.23 490092 490092
18111.1 316397 316397
1.39688 26 26
0.56862 14 14
13.9052 375 375
0.339634 15 15
0.63324 20 20
<end task set>
<begin task set>
0.472914 76 76
2.69898 37 37
1.15443 169 169
0.640891 11 11
0.724503 19 19
140.054 3729 3729
279.956 1799 1799
4.23814 374 374
122.012 10306 10306
4.32595 157 157
3.97679 64 64
0.071173 10 10
12.6349 57 57
17.5462 290 290
15.3472 146 146
3.27862 191 191
<end task set>
<begin task set>
73.0996 6213 6213
418.093 4737 4737
53.9168 2069 2069
361.366 10879 10879
16.7523 226 226
1181.01 15400 15400
582.136 9305 9305
6.02255 45 45
0.47024 21 21
686.248 5950 5950
119.984 1018 1018
311.316 185707 185707
3.23145 158 158
7.52582 362 362
2187.05 49373 49373
20.7286 409 409
<end task set>
<begin task set>
39.4267 1033 1033
1595.65 216687 216687
93.7188 2252 2252
1.98075 13 13
1.138 18 18
95.6683 1818 1818
1.3725 66 66
3.62501 170 170
5489.04 29571 29571
12822.4 952879 952879
385.336 4885 4885
9.86551 2660 2660
231.884 3968 3968
3799.59 171039 171039
5.09469 45 45
3166.03 117321 117321
<end task set>
<begin task set>
18816.3 666480 666480
1083.37 24999 24999
16012.6 139572 139572
6.37819 439 439
2032.06 160847 160847
68.5402 1638 1638
11.5613 130 130
14.4747 2964 2964
6.44155 65 65
644.497 94440 94440
1.9812 28 28
2.753 93 93
50.3286 912 912
738.431 6475 6475
5066.63 181460 181460
314.211 2131 2131
<end task set>
<begin task set>
1743.04 48093 48093
11156.5 620942 620942
38.3232 663 663
323.802 4833 4833
49401.2 507543 507543
27139.4 761838 761838
27586.5 295918 295918
29.9355 965 965
204.981 2174 2174
0.356358 19 19
1.52047 10 10
712.387 26839 26839
29.1984 2608 2608
49.912 2996 2996
11597 140146 140146
25.8505 420 420
<end task set>
<begin task set>
3.59312 367 367
17094 398440 398440
1819.73 20266 20266
15.2366 1603 1603
9.74911 2466 2466
4220.06 116898 116898
198.78 4410 4410
19.2454 320 320
2.12075 35 35
0.202459 87 87
169230 603771 603771
18.7589 1332 1332
26413.1 287297 287297
0.395797 151 151
71.5843 995 995
14292.4 181040 181040
<end task set>
<begin task set>
179.485 45873 45873
16715.1 626373 626373
0.474018 24 24
100.245 10452 10452
2023.64 97976 97976
3616.09 58886 58886
261.804 4459 4459
0.837034 106 106
0.0423302 17 17
224.239 65633 65633
6286.5 279434 279434
203.193 43692 43692
12805.8 186645 186645
539.374 10083 10083
338.39 898 898
3.82568 24 24
<end task set>
<begin task set>
63.6328 2252 2252
79369.8 438024 438024
6228.68 452168 452168
15.7921 432 432
2.15615 28 28
0.894692 63 63
41.5536 2801 2801
16986.7 161436 161436
1916.88 77707 77707
55.8077 1020 1020
3921.59 272025 272025
67.6983 3126 3126
398.06 27544 27544
1.3924 557 557
79.466 2038 2038
23123.1 89781 89781
<end task set>
<begin task set>
1234.63 57861 57861
11843.4 324783 324783
2.87319 226 226
0.874183 35 35
3652.29 202512 202512
3721.94 35444 35444
80.5974 2086 2086
5770.54 50651 50651
399.075 12278 12278
3579.75 154103 154103
37675.5 348641 348641
147.539 57628 57628
2.37161 10 10
1.0212 25 25
19875.4 613886 613886
1279.69 24536 24536
<end task set>
<begin task set>
751.791 8710 8710
450.521 13237 13237
271.899 13624 13624
7190.19 33824 33824
3.2739 73 73
17.5722 326 326
520.527 5586 5586
5.31281 143 143
516.023 4409 4409
4954.17 675009 675009
10.5412 162 162
55.9872 4100 4100
125.753 14558 14558
172.914 2508 2508
19.5788 678 678
54.98 6493 6493
<end task set>
<begin task set>
58410.7 508856 508856
5175.58 56065 56065
1460.8 213109 213109
5.38703 69 69
817.312 55489 55489
1510.7 91185 91185
33784.2 281127 281127
115.12 5116 5116
3042.01 414704 414704
0.525195 21 21
41157.8 878021 878021
3.12334 31 31
616.828 42086 42086
2.63579 105 105
20424.4 129008 129008
85.6541 1531 1531
<end task set>
<begin task set>
0.101613 11 11
0.56077 67 67
35.1385 327 327
14.6175 10532 10532
69457.2 561089 561089
29.6448 963 963
4.65099 57 57
18.7823 939 939
132.914 32188 32188
6573.71 95638 95638
13.5351 2907 2907
11167.3 46665 46665
16477 644742 644742
18.3324 227 227
3.4816 53 53
46.3792 1625 1625
<end task set>
<begin task set>
3523.44 525300 525300
1.34226 79 79
37.855 2424 2424
39753.5 315621 315621
94.6711 3114 3114
13.728 533 533
10.5109 928 928
0.428132 16 16
360.739 210332 210332
0.831381 12 12
7676.5 67043 67043
9132 361567 361567
7253.94 301233 301233
46.391 863 863
4206.15 151090 151090
8.42555 26 26
<end task set>
<begin task set>
11787.7 137866 137866
125.927 770 770
0.184627 15 15
3.0268 63 63
8.15553 503 503
8.51473 46 46
1.17845 70 70
1051.78 81264 81264
1399.69 50273 50273
791.704 28082 28082
263.263 9841 9841
4972.07 123271 123271
0.108269 13 13
4180.95 191533 191533
13.5231 465 465
434.548 2453 2453
<end task set>
<begin task set>
4.72471 52 52
784.562 35636 35636
56.164 464 464
4689.43 189144 189144
0.127956 11 11
0.149316 27 27
2177.51 146093 146093
174386 944289 944289
22.659 390 390
6186.77 238553 238553
14475.4 118018 118018
70.7156 1781 1781
17.8139 1932 1932
201.918 14670 14670
1842.56 30497 30497
0.947502 10 10
<end task set>
<begin task set>
1308.32 11923 11923
27692.3 867153 867153
10189.4 380773 380773
71.837 1860 1860
0.227249 17 17
133.726 6662 6662
277.532 1387 1387
20234.4 707378 707378
1340.88 12565 12565
23.3685 7943 7943
0.394015 14 14
21791.8 375499 375499
2.09731 28 28
1.46014 13 13
1802.38 76252 76252
2448.76 101539 101539
<end task set>
<begin task set>
166.389 4392 4392
1.5228 19 19
24081.2 518389 518389
3314.56 168071 168071
313.157 7992 7992
0.502429 45 45
2.48569 13 13
28048.9 467412 467412
1229.67 44874 44874
12150 134593 134593
3.89643 335 335
14235.7 819765 819765
41277.7 239943 239943
3.81165 320 320
37.4845 707 707
0.856637 28 28
<end task set>
<begin task set>
7.6734 167 167
2694.42 244598 244598
73.0147 539 539
130.164 3576 3576
3.89967 372 372
1882.01 9866 9866
581.502 9903 9903
159406 810250 810250
1774.07 145284 145284
3029.15 255778 255778
273.731 9173 9173
0.308813 93 93
42340.8 484045 484045
3819.46 77347 77347
48.6902 13961 13961
12.4692 737 737
<end task set>
<begin task set>
66.0987 9380 9380
9216.26 108856 108856
147.615 2428 2428
68835.2 476115 476115
230.85 20234 20234
5.05345 28 28
14.3627 1269 1269
244.259 9782 9782
2.54068 39 39
248.89 52451 52451
212.798 8700 8700
2.29708 12 12
14463.5 447976 447976
832.547 44229 44229
1194.56 35062 35062
66.5774 17596 17596
<end task set>
<begin task set>
0.0947844 10 10
16.1346 643 643
2293.28 24405 24405
234.078 45179 45179
3497.63 42722 42722
2.05547 25 25
682.718 29138 29138
54.9271 1956 1956
541.354 42424 42424
23146.4 210812 210812
33.3473 512 512
354.203 29674 29674
0.771621 20 20
0.771245 13 13
23139.3 109426 109426
1.45903 35 35
<end task set>
<begin task set>
151.228 2250 2250
0.128841 40 40
5.93959 248 248
0.735771 16 16
36.8226 581 581
571.478 7913 7913
95.3325 11814 11814
42.4987 7642 7642
1156.9 63684 63684
11125.6 271674 271674
1516.24 11560 11560
4615.55 228707 228707
0.791428 272 272
3.40094 32 32
25897.1 154649 154649
2.71247 22 22
<end task set>
<begin task set>
7944.91 32326 32326
0.785829 18 18
0.289057 50 50
351.906 6556 6556
0.315818 11 11
43649 816105 816105
4.96609 534 534
144.676 2014 2014
151.653 2142 2142
118.587 1951 1951
921.801 14829 14829
29.0339 1474 1474
1373.11 11871 11871
128.101 22083 22083
1297.15 42642 42642
14.5692 649 649
<end task set>
<begin task set>
5.0907 767 767
32.5471 255 255
2.05556 558 558
601.703 11249 11249
0.784464 16 16
447.132 19807 19807
12239.3 832619 832619
117.595 8698 8698
535.305 12839 12839
2.34876 25 25
3746.65 15484 15484
179.032 2653 2653
2.20468 61 61
2.74271 77 77
5.3218 125 125
7.00039 142 142
<end task set>
<begin task set>
76344.4 907635 907635
2.76373 4123 4123
1.89554 19 19
0.159373 25 25
19.5601 272 272
142 6186 6186
3.09699 104 104
99.3368 3006 3006
334.505 33248 33248
0.662085 25 25
3395.01 36254 36254
170.69 1510 1510
805.86 7676 7676
6.7795 70 70
45.7559 1671 1671
32.2066 408 408
<end task set>
<begin task set>
95.0717 2852 2852
11096.2 113660 113660
228.037 3936 3936
0.105267 13 13
193.419 1316 1316
0.606579 11 11
5164.02 114492 114492
0.759026 71 71
752.518 95839 95839
217.948 6226 6226
1758.06 27438 27438
4683.86 42544 42544
0.213677 11 11
4372.04 670629 670629
9693.71 49818 49818
9.42405 1250 1250
<end task set>
<begin task set>
72.0698 427 427
36.579 739 739
1.82234 160 160
14691.2 681263 681263
2517.69 34104 34104
4.35755 86 86
5.15247 636 636
69.9371 1088 1088
7.03102 49 49
89.5613 775 775
298.367 348034 348034
7.41591 113 113
7.86807 948 948
1.79555 52 52
3569.18 92820 92820
6884.31 152744 152744
<end task set>
<begin task set>
190.523 1882 1882
6.15199 597 597
6.57943 85 85
1234.44 37625 37625
166.375 14163 14163
23.1496 599 599
20.0578 178 178
3.01987 957 957
2.80372 48 48
130.117 177993 177993
9.73749 357 357
10599.7 66161 66161
1449.2 8342 8342
216.537 6735 6735
3.15698 76 76
590.985 32888 32888
<end task set>
<begin task set>
38.4627 2948 2948
181.599 1713 1713
3262.64 51288 51288
4081.63 174898 174898
2614.39 30969 30969
26.5948 1492 1492
36.6383 1822 1822
105861 506916 506916
1.65013 72 72
2.98516 9176 9176
1927.74 90892 90892
16.5896 90 90
467.975 58217 58217
9935.68 167114 167114
10.2396 164 164
83.4716 20402 20402
<end task set>
<begin task set>
20.4338 730 730
38.4961 3879 3879
743.209 58307 58307
1.04262 38 38
4.58581 1667 1667
56273.6 847351 847351
0.251203 91 91
22134 81753 81753
81.4393 2973 2973
57.439 1576 1576
0.813423 21 21
46765.4 451017 451017
283.487 10446 10446
20200.3 352113 352113
5.44241 123 123
45489.3 315418 315418
<end task set>
<begin task set>
7.02417 119 119
16777.1 930704 930704
9.90198 65 65
22.3377 902 902
410.258 65331 65331
9.50235 56 56
6.14794 1010 1010
7.17087 109 109
23.8654 138 138
5672.5 711638 711638
33.771 844 844
127.272 3471 3471
3018.12 43897 43897
175.166 27141 27141
5515.64 99730 99730
197.298 19925 19925
<end task set>
<begin task set>
1.72369 25 25
249.265 11590 11590
923.437 11391 11391
78.6033 1531 1531
328.304 9230 9230
6.683 171 171
18351.9 191773 191773
7.16892 64 64
34.0664 858 858
230.35 4630 4630
20.0696 174 174
16.8235 905 905
37.8928 1232 1232
166.136 2667 2667
8.3377 132 132
150.648 9929 9929
<end task set>
<begin task set>
113.244 1374 1374
412.206 19497 19497
8469.9 522882 522882
108.519 1633 1633
129.488 601 601
31984.8 196493 196493
159.983 20060 20060
110.312 2089 2089
29.0015 553 553
0.167782 35 35
20.1985 259 259
6447.5 123844 123844
795.143 97764 97764
326.14 9971 9971
31717.6 857367 857367
5.28919 548 548
<end task set>
<begin task set>
0.685102 16 16
5.52063 89 89
3.36537 466 466
4.19467 18 18
2483.94 49592 49592
606.008 64298 64298
9699.35 236574 236574
2087.17 18712 18712
22571.9 579140 579140
263.74 13008 13008
0.0502131 42 42
4.38517 82 82
91.6792 969 969
14.8149 172 172
14.9348 406 406
2.43649 214 214
<end task set>
<begin task set>
887.697 7186 7186
1109.44 178707 178707
1.65276 56 56
23.3569 1260 1260
1999.57 30620 30620
33816.7 231758 231758
733.718 14159 14159
30666.8 820529 820529
5.15704 153 153
376.123 22470 22470
0.994617 28 28
4229.75 24925 24925
196.094 3294 3294
0.762498 24 24
20900.7 482252 482252
19.2097 610 610
<end task set>
<begin task set>
18980.7 76905 76905
12.1411 181 181
22.1082 309 309
46997.4 504124 504124
1.2285 34 34
440.872 161685 161685
0.314086 13 13
750.093 33248 33248
1.08306 24 24
1.89524 185 185
18.6667 437 437
3.73282 41 41
7288.92 176513 176513
1.2529 37 37
886.434 14684 14684
0.488666 44 44
<end task set>
<begin task set>
17241 683907 683907
4.43996 632 632
33998.8 321589 321589
8693.22 168020 168020
1.70138 47 47
64.659 954 954
446.35 4142 4142
18.6116 3787 3787
5556.09 727719 727719
0.715226 10 10
2059.2 248634 248634
0.0333827 163 163
112.929 5573 5573
39676.7 217213 217213
1.28703 11 11
3894.78 45247 45247
<end task set>
<begin task set>
10.2781 282 282
1320.02 14845 14845
0.342702 15 15
14.0981 86 86
72.7903 421 421
61.5179 8767 8767
14.1968 194 194
28.6208 1548 1548
20.0038 182 182
23285.1 575034 575034
0.105559 146 146
567.173 19999 19999
1.32046 23 23
243.161 24535 24535
84.2643 2438 2438
6.21193 178 178
<end task set>
<begin task set>
949.001 17181 17181
9.31798 676 676
7387.29 632304 632304
4762.54 148033 148033
5.94713 182 182
20.6682 6998 6998
8.78038 124 124
13.4255 60 60
14158.3 197626 197626
1.08453 18 18
3080.9 23728 23728
1318.17 16196 16196
1.44659 61 61
244.622 367716 367716
315.944 3759 3759
0.408409 76 76
<end task set>
<begin task set>
48.9891 742 742
15350.7 54596 54596
0.458367 38 38
218.817 19394 19394
2.19705 129 129
9.10909 108 108
6451.81 116328 116328
39.4706 977 977
16.0746 2724 2724
18870.9 314551 314551
549.225 5104 5104
249.131 5404 5404
1507.5 137627 137627
3425.55 174235 174235
1.76684 58 58
45707.7 886729 886729
<end task set>
<begin task set>
0.0139653 37 37
25367.8 586250 586250
71.1836 1525 1525
24628.1 699186 699186
1316.47 11727 11727
4129.07 105638 105638
4155.93 23386 23386
61.5017 1922 1922
5773.16 148457 148457
208.212 1295 1295
0.585354 19 19
3796.1 222323 222323
46353.6 588098 588098
0.0812318 14 14
3813.86 64135 64135
1.63153 75 75
<end task set>
<begin task set>
219.555 4373 4373
48094.2 693630 693630
108239 707901 707901
2941.97 30960 30960
4720.36 870829 870829
1.68228 28 28
2.81987 87 87
11.5268 298 298
38.3143 1654 1654
514.761 14242 14242
71.4085 2015 2015
0.29318 16 16
90.8966 2887 2887
251.349 6335 6335
11310.5 362387 362387
18.4102 102 102
<end task set>
<begin task set>
17491.4 490383 490383
657.659 67501 67501
7053.53 174352 174352
4.13111 49 49
15508.3 203528 203528
0.562602 11 11
4.42288 25 25
16.1646 379 379
30646.1 239297 239297
36.2214 653 653
1.70493 115 115
13.1162 225 225
0.593371 28 28
0.500329 11 11
1.58961 27 27
6.93069 9789 9789
<end task set>
<begin task set>
4.17634 115 115
900.107 10822 10822
223.917 17923 17923
0.557855 18 18
25.1596 6254 6254
0.492195 44 44
17929.4 95644 95644
144.484 9260 9260
0.679883 17 17
100.068 4737 4737
703.83 9423 9423
39.3007 2176 2176
13095.1 125013 125013
157.155 3494 3494
67.4142 484 484
1939.56 25565 25565
<end task set>
<begin task set>
9794.01 370303 370303
1965.55 55529 55529
3473.19 141222 141222
226.753 2616 2616
7551.34 664244 664244
1608.63 73489 73489
4449.45 403230 403230
6.48166 34 34
58.6967 4583 4583
2.59887 93 93
23023.8 437227 437227
32.4688 227 227
913.476 5660 5660
185.422 6131 6131
0.56394 17 17
1.28935 42 42
<end task set>
<begin task set>
2.21708 35 35
42749.7 802717 802717
0.176662 98 98
1923.42 68981 68981
193.514 3895 3895
5914.29 70574 70574
16530.8 168014 168014
1.02432 25 25
5883.88 523177 523177
23.9581 219 219
30.2892 1104 1104
177.801 1254 1254
1.73305 40 40
1016.99 11565 11565
192.961 7255 7255
9766 294705 294705
<end task set>
<begin task set>
0.326406 141 141
172.232 639 639
1.63943 38 38
1.32336 29 29
80.0183 1185 1185
0.0953877 10 10
13.1194 140 140
31.312 2743 2743
11266.9 876813 876813
0.354608 27 27
5.03536 69 69
3744.76 159689 159689
9127.59 278228 278228
16.9558 1137 1137
565.667 13759 13759
5.83773 40 40
<end task set>
<begin task set>
1.23509 11 11
5785.15 89864 89864
94.1855 9824 9824
89.1714 814 814
1558.06 13233 13233
2.40875 87 87
212.518 6514 6514
1255.3 11193 11193
6402.14 75202 75202
208.538 7554 7554
53.585 101388 101388
53.5104 47888 47888
5644.73 42018 42018
722.743 146268 146268
1940.46 50570 50570
4.83276 220 220
<end task set>
